symbol_size,num_symbols,code_rate,loss_rate,encoding_time,decoding_time,enc_throughput,dec_throughput
1024,128,0.00,0.00,4.6,4.47,28493.91,29322.60
1024,128,0.10,0.01,4.68,5.22,28006.84,25109.58
1024,128,0.11,0.02,4.7,5.36,27887.66,24453.73
1024,128,0.14,0.03,4.75,5.73,27594.11,22874.69
1024,128,0.14,0.04,4.75,5.91,27594.11,22178.00
1024,128,0.15,0.05,4.79,6.23,27363.67,21038.84
1024,128,0.18,0.06,4.81,6.55,27249.90,20010.99
1024,128,0.18,0.07,4.8,6.73,27306.67,19475.78
1024,128,0.20,0.08,4.82,6.9,27193.36,18995.94
1024,128,0.28,0.10,5.17,7.67,25352.42,17088.92
1024,192,0.00,0.00,9.69,9.4,20289.78,20915.74
1024,192,0.06,0.01,9.77,10.53,20123.64,18671.23
1024,192,0.09,0.02,9.82,11.45,20021.18,17171.00
1024,192,0.10,0.03,9.85,12.01,19960.20,16370.36
1024,192,0.12,0.04,9.86,12.63,19939.96,15566.75
1024,192,0.14,0.05,9.91,13.31,19839.35,14771.45
1024,192,0.24,0.07,10.33,15.09,19032.72,13029.03
1024,192,0.29,0.06,10.71,15.44,18357.42,12733.68
1024,256,0.00,0.00,16.13,15.46,16251.95,16956.27
1024,256,0.06,0.01,16.3,17.65,16082.45,14852.35
1024,256,0.08,0.02,16.35,18.64,16033.27,14063.52
1024,256,0.09,0.03,16.31,20.19,16072.59,12983.85
1024,256,0.10,0.04,16.3,21.13,16082.45,12406.25
1024,256,0.12,0.05,16.46,22.87,15926.12,11462.35
1024,256,0.16,0.07,16.75,25.88,15650.39,10129.21
1024,256,0.19,0.06,16.95,25.67,15465.72,10212.08
1024,256,0.24,0.08,17.34,28.88,15117.88,9077.01
1024,320,0.00,0.00,24.23,24.6,13523.73,13320.33
1024,320,0.06,0.01,24.36,28.19,13451.56,11623.98
1024,320,0.07,0.02,24.51,29.42,13369.24,11138.00
1024,320,0.08,0.03,24.41,31.47,13424.01,10412.46
1024,320,0.10,0.04,24.68,33.42,13277.15,9804.91
1024,320,0.11,0.05,24.71,35.97,13261.03,9109.81
1024,320,0.14,0.06,25.02,38.67,13096.72,8473.75
1024,320,0.18,0.07,25.41,41.18,12895.71,7957.26
1024,320,0.22,0.09,26.13,46.19,12540.38,7094.18
1024,320,0.30,0.10,27.92,51.67,11736.39,6341.78
1024,384,0.00,0.00,34.66,34.4,11344.95,11430.70
1024,384,0.04,0.01,34.79,39.5,11302.56,9954.84
1024,384,0.07,0.02,34.86,43.07,11279.86,9129.70
1024,384,0.08,0.03,34.99,46.11,11237.95,8527.78
1024,384,0.09,0.04,34.92,49.01,11260.48,8023.18
1024,384,0.11,0.05,35.28,51.04,11145.58,7704.08
1024,384,0.14,0.07,35.66,57.75,11026.81,6808.94
1024,384,0.24,0.10,37.41,71.29,10510.99,5515.72
1024,384,0.25,0.06,37.66,60.51,10441.21,6498.36
1024,384,0.27,0.08,38.31,67.33,10264.06,5840.13
1024,448,0.00,0.00,47.5,44.9,9657.94,10217.19
1024,448,0.04,0.01,47.68,50.11,9621.48,9154.90
1024,448,0.06,0.02,47.87,55.8,9583.29,8221.36
1024,448,0.07,0.03,47.99,59.99,9559.32,7647.14
1024,448,0.08,0.04,47.98,62.85,9561.32,7299.16
1024,448,0.12,0.06,48.69,73.03,9421.89,6281.69
1024,448,0.14,0.07,49.1,79.32,9343.22,5783.56
1024,448,0.17,0.05,49.75,72.51,9221.15,6326.74
1024,448,0.17,0.09,49.88,88.47,9197.11,5185.40
1024,448,0.19,0.10,50.46,94.78,9091.40,4840.18
1024,448,0.21,0.08,50.83,87.58,9025.22,5238.09
1024,512,0.00,0.00,63.63,61.79,8239.64,8485.00
1024,512,0.04,0.01,63.77,69.21,8221.55,7575.32
1024,512,0.05,0.02,63.73,74.79,8226.71,7010.14
1024,512,0.06,0.03,63.82,81.33,8215.10,6446.43
1024,512,0.09,0.04,64.46,87.14,8133.54,6016.62
1024,512,0.10,0.05,64.53,94.15,8124.72,5568.65
1024,512,0.17,0.07,65.9,110.4,7955.81,4748.99
1024,512,0.18,0.08,66.16,115.3,7924.55,4547.16
1024,512,0.24,0.06,68.4,112.61,7665.03,4655.79
128,128,0.00,0.00,0.73,2,22443.84,8192.00
128,128,0.10,0.01,0.74,2.41,22140.54,6798.34
128,128,0.11,0.02,0.74,2.63,22140.54,6229.66
128,128,0.14,0.03,0.75,2.9,21845.33,5649.66
128,128,0.14,0.04,0.75,3.08,21845.33,5319.48
128,128,0.15,0.05,0.75,3.33,21845.33,4920.12
128,128,0.18,0.06,0.76,3.62,21557.89,4525.97
128,128,0.20,0.07,0.76,3.89,21557.89,4211.83
128,128,0.23,0.08,0.79,4.17,20739.24,3929.02
128,192,0.00,0.00,1.58,4.1,15554.43,5994.15
128,192,0.06,0.01,1.58,4.91,15554.43,5005.30
128,192,0.09,0.02,1.62,5.58,15170.37,4404.30
128,192,0.10,0.03,1.6,6.12,15360.00,4015.69
128,192,0.12,0.04,1.59,6.69,15456.60,3673.54
128,192,0.14,0.05,1.6,7.37,15360.00,3334.60
128,192,0.16,0.06,1.62,8.03,15170.37,3060.52
128,192,0.19,0.07,1.63,8.67,15077.30,2834.60
128,192,0.20,0.08,1.63,9.29,15077.30,2645.43
128,192,0.25,0.09,1.68,10.24,14628.57,2400.00
128,256,0.00,0.00,2.67,7.2,12272.66,4551.11
128,256,0.06,0.01,2.7,8.69,12136.30,3770.77
128,256,0.08,0.02,2.7,9.92,12136.30,3303.23
128,256,0.09,0.03,2.7,11.15,12136.30,2938.83
128,256,0.10,0.04,2.7,12.33,12136.30,2657.58
128,256,0.12,0.05,2.72,13.67,12047.06,2397.07
128,256,0.16,0.07,2.76,16.65,11872.46,1968.05
128,256,0.18,0.08,2.79,18.22,11744.80,1798.46
128,256,0.27,0.06,2.92,17,11221.92,1927.53
128,320,0.00,0.00,4.06,12.11,10088.67,3382.33
128,320,0.06,0.01,4.19,14.63,9775.66,2799.73
128,320,0.07,0.02,4.1,16.44,9990.24,2491.48
128,320,0.08,0.03,4.08,18.34,10039.22,2233.37
128,320,0.11,0.04,4.14,20.63,9893.72,1985.46
128,320,0.11,0.05,4.14,22.4,9893.72,1828.57
128,320,0.15,0.07,4.2,26.85,9752.38,1525.51
128,320,0.18,0.08,4.24,29.53,9660.38,1387.06
128,320,0.19,0.09,4.26,31.86,9615.02,1285.62
128,320,0.25,0.10,4.45,35.38,9204.49,1157.72
128,384,0.00,0.00,5.84,17.46,8416.44,2815.12
128,384,0.04,0.01,5.85,21.12,8402.05,2327.27
128,384,0.07,0.02,5.86,24.4,8387.71,2014.43
128,384,0.08,0.03,5.87,27.33,8373.42,1798.46
128,384,0.09,0.04,5.87,30.19,8373.42,1628.09
128,384,0.11,0.05,5.91,32.82,8316.75,1497.62
128,384,0.12,0.06,5.94,35.95,8274.75,1367.23
128,384,0.14,0.07,5.99,39.48,8205.68,1244.98
128,384,0.27,0.10,6.39,53.45,7692.02,919.59
128,448,0.00,0.00,7.93,23.9,7231.27,2399.33
128,448,0.04,0.01,8.2,28.57,6993.17,2007.14
128,448,0.06,0.02,7.99,33.11,7176.97,1731.92
128,448,0.07,0.03,8,37.18,7168.00,1542.33
128,448,0.08,0.04,7.99,41.06,7176.97,1396.59
128,448,0.18,0.05,8.35,49.46,6867.54,1159.40
128,448,0.20,0.08,8.42,63.23,6810.45,906.91
128,448,0.22,0.09,8.52,68.8,6730.52,833.49
128,448,0.23,0.06,8.6,56.19,6667.91,1020.54
128,448,0.25,0.07,8.66,61.52,6621.71,932.12
128,448,0.28,0.10,8.93,76.93,6421.50,745.40
128,512,0.00,0.00,10.71,32.9,6119.14,1991.98
128,512,0.04,0.01,10.66,39.32,6147.84,1666.73
128,512,0.05,0.02,10.66,44.87,6147.84,1460.57
128,512,0.06,0.03,10.66,50.4,6147.84,1300.32
128,512,0.08,0.04,10.69,56.45,6130.59,1160.96
128,512,0.12,0.07,10.79,74.45,6073.77,880.27
128,512,0.13,0.06,11.09,69.93,5909.47,937.17
128,512,0.14,0.08,10.83,81.15,6051.34,807.59
128,512,0.15,0.05,10.95,65.6,5985.02,999.02
128,512,0.21,0.09,11.22,92.42,5841.00,709.11
256,128,0.00,0.00,1.27,2.37,25801.57,13826.16
256,128,0.10,0.01,1.29,2.82,25401.55,11619.86
256,128,0.11,0.02,1.29,3.04,25401.55,10778.95
256,128,0.14,0.03,1.3,3.32,25206.15,9869.88
256,128,0.14,0.04,1.31,3.5,25013.74,9362.29
256,128,0.15,0.05,1.31,3.75,25013.74,8738.13
256,128,0.18,0.06,1.33,4.05,24637.59,8090.86
256,128,0.18,0.07,1.32,4.25,24824.24,7710.12
256,128,0.20,0.08,1.32,4.48,24824.24,7314.29
256,192,0.00,0.00,2.75,4.87,17873.45,10092.81
256,192,0.06,0.01,2.76,5.71,17808.70,8608.06
256,192,0.09,0.02,2.78,6.4,17680.58,7680.00
256,192,0.10,0.03,2.79,6.95,17617.20,7072.23
256,192,0.12,0.04,2.8,7.54,17554.29,6518.83
256,192,0.14,0.05,2.81,8.21,17491.81,5986.85
256,192,0.16,0.06,2.82,8.86,17429.79,5547.63
256,192,0.19,0.07,2.85,9.48,17246.32,5184.81
256,192,0.23,0.08,2.92,10.36,16832.88,4744.40
256,192,0.23,0.09,2.92,10.9,16832.88,4509.36
256,192,0.23,0.10,2.93,11.43,16775.43,4300.26
256,256,0.00,0.00,4.62,8.38,14185.28,7820.53
256,256,0.06,0.01,4.65,9.96,14093.76,6579.92
256,256,0.08,0.02,4.66,11.15,14063.52,5877.67
256,256,0.09,0.03,4.66,12.42,14063.52,5276.65
256,256,0.10,0.04,4.66,13.59,14063.52,4822.37
256,256,0.12,0.05,4.69,14.96,13973.56,4380.75
256,256,0.14,0.06,4.74,16.39,13826.16,3998.54
256,256,0.23,0.09,4.94,21.62,13266.40,3031.27
256,256,0.26,0.08,5.01,20.92,13081.04,3132.70
256,320,0.00,0.00,6.93,13.89,11821.07,5897.77
256,320,0.06,0.01,6.97,16.49,11753.23,4967.86
256,320,0.07,0.02,7.04,18.26,11636.36,4486.31
256,320,0.08,0.03,6.98,20.21,11736.39,4053.44
256,320,0.10,0.04,7.05,22.16,11619.86,3696.75
256,320,0.11,0.05,7.2,24.34,11377.78,3365.65
256,320,0.13,0.06,7.11,26.56,11521.80,3084.34
256,320,0.21,0.08,7.4,32.36,11070.27,2531.52
256,320,0.25,0.09,7.64,35.41,10722.51,2313.47
256,384,0.00,0.00,9.96,19.86,9869.88,4949.85
256,384,0.04,0.01,9.99,23.72,9840.24,4144.35
256,384,0.07,0.02,10.01,27.12,9820.58,3624.78
256,384,0.08,0.03,10.02,29.96,9810.78,3281.17
256,384,0.09,0.04,10.04,32.88,9791.24,2989.78
256,384,0.14,0.06,10.24,39.4,9600.00,2495.03
256,384,0.18,0.08,10.41,47.02,9443.23,2090.68
256,384,0.19,0.05,10.45,38.79,9407.08,2534.26
256,384,0.20,0.10,10.48,53.77,9380.15,1828.23
256,384,0.21,0.09,10.55,51.22,9317.91,1919.25
256,448,0.00,0.00,13.58,26.86,8445.36,4269.84
256,448,0.04,0.01,13.69,31.57,8377.50,3632.82
256,448,0.06,0.02,13.67,36.36,8389.76,3154.24
256,448,0.07,0.03,13.74,40.51,8347.02,2831.10
256,448,0.08,0.04,13.74,44.18,8347.02,2595.93
256,448,0.10,0.05,13.81,49.33,8304.71,2324.91
256,448,0.14,0.07,14.04,59.36,8168.66,1932.08
256,448,0.17,0.08,14.23,64.85,8059.59,1768.51
256,448,0.19,0.06,14.4,57.73,7964.44,1986.63
256,448,0.22,0.10,14.7,76.68,7801.90,1495.67
256,448,0.23,0.09,14.74,73.03,7780.73,1570.42
256,512,0.00,0.00,18.23,37.02,7189.91,3540.57
256,512,0.04,0.01,18.23,43.73,7189.91,2997.30
256,512,0.05,0.02,18.28,49.1,7170.24,2669.49
256,512,0.06,0.03,18.25,54.82,7182.03,2390.95
256,512,0.09,0.04,18.31,61.04,7158.49,2147.31
256,512,0.10,0.05,18.35,67.09,7142.89,1953.67
256,512,0.12,0.07,18.4,78.76,7123.48,1664.20
256,512,0.16,0.08,18.78,86.91,6979.34,1508.13
256,512,0.22,0.06,19.42,81.02,6749.33,1617.77
256,512,0.23,0.10,19.44,104.32,6742.39,1256.44
256,512,0.30,0.09,20.42,105,6418.81,1248.30
512,128,0.00,0.00,2.38,3.07,27536.13,21347.23
512,128,0.10,0.01,2.43,3.63,26969.55,18053.99
512,128,0.11,0.02,2.43,3.83,26969.55,17111.23
512,128,0.14,0.03,2.47,4.1,26532.79,15984.39
512,128,0.14,0.04,2.46,4.28,26640.65,15312.15
512,128,0.15,0.05,2.49,4.56,26319.68,14371.93
512,128,0.18,0.06,2.5,4.87,26214.40,13457.08
512,128,0.18,0.07,2.5,5.06,26214.40,12951.78
512,128,0.20,0.08,2.51,5.27,26109.96,12435.67
512,192,0.00,0.00,5.1,6.39,19275.29,15384.04
512,192,0.06,0.01,5.17,7.32,19014.31,13429.51
512,192,0.09,0.02,5.16,8.05,19051.16,12211.68
512,192,0.10,0.03,5.16,8.6,19051.16,11430.70
512,192,0.12,0.04,5.19,9.21,18941.04,10673.62
512,192,0.14,0.05,5.21,9.87,18868.33,9959.88
512,192,0.19,0.07,5.28,11.1,18618.18,8856.22
512,192,0.19,0.08,5.29,11.61,18582.99,8467.18
512,192,0.23,0.09,5.4,12.56,18204.44,7826.75
512,192,0.28,0.06,5.56,11.65,17680.58,8438.11
512,256,0.00,0.00,8.53,10.75,15366.00,12192.74
512,256,0.06,0.01,8.61,12.49,15223.23,10494.16
512,256,0.08,0.02,8.64,13.64,15170.37,9609.38
512,256,0.09,0.03,8.63,14.99,15187.95,8743.96
512,256,0.10,0.04,8.65,16.08,15152.83,8151.24
512,256,0.12,0.05,8.69,17.57,15083.08,7459.99
512,256,0.20,0.06,9,20.21,14563.56,6485.50
512,256,0.20,0.09,8.99,23.75,14579.76,5518.82
512,256,0.22,0.07,9.11,21.43,14387.71,6116.29
512,320,0.00,0.00,12.83,17.43,12770.07,9399.89
512,320,0.06,0.01,12.92,20.4,12681.11,8031.37
512,320,0.07,0.02,13,22.01,12603.08,7443.89
512,320,0.08,0.03,12.93,23.93,12671.31,6846.64
512,320,0.10,0.04,13.03,25.93,12574.06,6318.55
512,320,0.11,0.05,13.08,28.23,12525.99,5803.75
512,320,0.13,0.06,13.16,30.3,12449.85,5407.26
512,320,0.17,0.08,13.42,34.95,12208.64,4687.84
512,384,0.00,0.00,18.35,24.69,10714.33,7963.06
512,384,0.04,0.01,18.44,29.05,10662.04,6767.92
512,384,0.07,0.02,18.48,32.5,10638.96,6049.48
512,384,0.08,0.03,18.45,35.38,10656.26,5557.04
512,384,0.09,0.04,18.51,38.25,10621.72,5140.08
512,384,0.18,0.05,19.19,44.25,10245.34,4443.12
512,384,0.19,0.09,19.27,55.92,10202.80,3515.88
512,384,0.19,0.10,19.34,58.74,10165.87,3347.09
512,384,0.28,0.06,20.35,50.27,9661.33,3911.04
512,384,0.29,0.08,20.6,57.32,9544.08,3430.01
512,448,0.00,0.00,25.18,32.91,9109.45,6969.80
512,448,0.04,0.01,25.18,37.82,9109.45,6064.94
512,448,0.06,0.02,25.21,42.78,9098.61,5361.76
512,448,0.07,0.03,25.34,46.96,9051.93,4884.50
512,448,0.08,0.04,25.28,50.42,9073.42,4549.31
512,448,0.16,0.07,26.11,66.78,8784.99,3434.80
512,448,0.27,0.09,28,82.82,8192.00,2769.57
512,448,0.30,0.08,28.92,79.75,7931.40,2876.19
512,512,0.00,0.00,33.83,45.28,7748.86,5789.40
512,512,0.04,0.01,33.64,52.13,7792.63,5028.66
512,512,0.05,0.02,33.66,57.72,7788.00,4541.65
512,512,0.06,0.03,33.67,63.65,7785.68,4118.52
512,512,0.10,0.05,34.03,76.16,7703.32,3442.02
512,512,0.13,0.04,34.28,73.28,7647.14,3577.29
512,512,0.18,0.08,34.95,97.78,7500.54,2680.96
512,512,0.19,0.09,35.16,104.73,7455.75,2503.05
512,512,0.21,0.06,35.56,89.44,7371.88,2930.95
512,512,0.21,0.10,35.54,111.7,7376.03,2346.86
512,512,0.25,0.07,36.49,98.29,7184.00,2667.05
64,128,0.00,0.00,0.48,1.84,17066.67,4452.17
64,128,0.10,0.01,0.49,2.22,16718.37,3690.09
64,128,0.11,0.02,0.49,2.48,16718.37,3303.23
64,128,0.14,0.03,0.49,2.7,16718.37,3034.07
64,128,0.14,0.04,0.49,2.9,16718.37,2824.83
64,128,0.15,0.05,0.5,3.12,16384.00,2625.64
64,128,0.18,0.06,0.5,3.43,16384.00,2388.34
64,128,0.18,0.07,0.5,3.63,16384.00,2256.75
64,128,0.20,0.08,0.5,3.88,16384.00,2111.34
64,128,0.23,0.09,0.51,4.2,16062.75,1950.48
64,192,0.00,0.00,1.02,3.73,12047.06,3294.37
64,192,0.06,0.01,1.03,4.52,11930.10,2718.58
64,192,0.09,0.02,1.07,5.13,11484.11,2395.32
64,192,0.10,0.03,1.04,5.69,11815.38,2159.58
64,192,0.12,0.04,1.04,6.26,11815.38,1962.94
64,192,0.14,0.05,1.04,6.94,11815.38,1770.61
64,192,0.19,0.07,1.06,8.27,11592.45,1485.85
64,192,0.20,0.09,1.06,9.43,11592.45,1303.08
64,192,0.22,0.10,1.07,10.12,11484.11,1214.23
64,256,0.00,0.00,1.74,6.6,9416.09,2482.42
64,256,0.06,0.01,1.75,8.03,9362.29,2040.35
64,256,0.08,0.02,1.82,9.3,9002.20,1761.72
64,256,0.09,0.03,1.75,10.48,9362.29,1563.36
64,256,0.10,0.04,1.75,11.71,9362.29,1399.15
64,256,0.12,0.05,1.76,12.99,9309.09,1261.28
64,256,0.18,0.06,1.81,15.13,9051.93,1082.88
64,320,0.00,0.00,2.63,11.2,7787.07,1828.57
64,320,0.06,0.01,2.65,13.6,7728.30,1505.88
64,320,0.07,0.02,2.66,15.46,7699.25,1324.71
64,320,0.08,0.03,2.65,17.39,7728.30,1177.69
64,320,0.10,0.04,2.85,19.38,7185.96,1056.76
64,320,0.11,0.05,2.68,21.41,7641.79,956.56
64,320,0.15,0.07,2.71,25.9,7557.20,790.73
64,320,0.30,0.08,2.97,31.55,6895.62,649.13
64,384,0.00,0.00,3.79,16.26,6484.43,1511.44
64,384,0.04,0.01,3.79,19.86,6484.43,1237.46
64,384,0.07,0.02,3.79,23.05,6484.43,1066.20
64,384,0.08,0.03,3.81,26,6450.39,945.23
64,384,0.09,0.04,3.81,28.86,6450.39,851.56
64,384,0.12,0.05,3.85,31.87,6383.38,771.13
64,384,0.21,0.08,4.11,44.04,5979.56,558.04
64,384,0.23,0.09,4,47.29,6144.00,519.69
64,384,0.27,0.06,4.1,39.53,5994.15,621.71
64,448,0.00,0.00,5.11,22.43,5610.96,1278.29
64,448,0.04,0.01,5.13,26.92,5589.08,1065.08
64,448,0.06,0.02,5.12,31.41,5600.00,912.83
64,448,0.07,0.03,5.13,35.51,5589.08,807.43
64,448,0.10,0.04,5.17,40.47,5545.84,708.48
64,448,0.10,0.05,5.18,44.3,5535.14,647.22
64,448,0.12,0.06,5.2,49.21,5513.85,582.65
64,448,0.21,0.09,5.39,66.44,5319.48,431.55
64,448,0.22,0.08,5.43,62.45,5280.29,459.12
64,448,0.29,0.07,5.72,61.56,5012.59,465.76
64,448,0.29,0.10,5.72,75.72,5012.59,378.66
64,512,0.00,0.00,6.86,30.72,4776.68,1066.67
64,512,0.04,0.01,6.87,37.15,4769.72,882.05
64,512,0.05,0.02,6.86,42.77,4776.68,766.14
64,512,0.06,0.03,6.87,48.12,4769.72,680.96
64,512,0.08,0.04,6.91,54.03,4742.11,606.48
64,512,0.13,0.05,6.99,62.12,4687.84,527.50
64,512,0.14,0.08,7,78.97,4681.14,414.94
64,512,0.16,0.06,7.05,69.16,4647.94,473.80
64,512,0.18,0.07,7.08,76.24,4628.25,429.80
64,512,0.19,0.09,7.4,89.28,4428.11,367.03
64,512,0.21,0.10,7.17,95.86,4570.15,341.83
